export const ARR = [
  [1, 2, 3],
  [4, 5, 6],
  [7, 8, 9],
];

export const STATES = {
  keys: () => Object.keys(STATES),
  rot0: '[[1,2,3],[4,5,6],[7,8,9]]',
  rot1: '[[7,4,1],[8,5,2],[9,6,3]]',
  rot2: '[[9,8,7],[6,5,4],[3,2,1]]',
  rot3: '[[3,6,9],[2,5,8],[1,4,7]]',
  pivot: '[[1,4,7],[2,5,8],[3,6,9]]',
  flipH: '[[3,2,1],[6,5,4],[9,8,7]]',
  flipV: '[[7,8,9],[4,5,6],[1,2,3]]',
};

// FUTZ
STATES.norm = STATES.rot0;
